p<- matrix(c(1,0.4,0,0,0,0,0.4,0,0,0.6,0,0,0,0,0.6,1),nrow = 4)
p
pi0<- c(1/3,1/2,0,1/6)
p3<-p%*%p%*%p
p3
pi0%*%p3
